scale(0,0);
stroke('rgba(0,0,0,0)')
strokeCap(PROJECT);
strokeJoin(MITER);
fill("#060606")
beginShape();
vertex(104.14,533.14);
bezierVertex(104.92,529.3,105.71,525.46,106.52,521.63);
bezierVertex(111.63,497.39,117.94999999999999,473.43,123.91,449.39);
bezierVertex(126.66,438.32,129.32999999999998,426.49,132.22,415.16999999999996);
bezierVertex(135.13,403.73999999999995,139.92,392.30999999999995,141.35,380.5799999999999);
bezierVertex(141.89,376.17999999999995,141.94,371.2199999999999,138.97,367.93999999999994);
bezierVertex(136.35999999999999,365.05999999999995,131.98,364.31999999999994,128.21,365.23999999999995);
bezierVertex(124.44000000000001,366.15999999999997,121.16000000000001,368.47999999999996,118.19000000000001,370.96999999999997);
bezierVertex(99.15,386.92999999999995,85.30000000000001,411.30999999999995,74.49000000000001,433.33);
bezierVertex(60.85000000000001,461.11,51.110000000000014,490.54999999999995,39.87000000000001,519.3299999999999);
bezierVertex(38.070000000000014,523.9499999999999,36.29000000000001,528.5799999999999,34.55000000000001,533.2199999999999);
vertex(34.92000000000001,532.9899999999999);
vertex(7.105427357601002e-15,531.2499999999999);
bezierVertex(11.110000000000007,499.4899999999999,24.070000000000007,468.2999999999999,38.760000000000005,437.3499999999999);
bezierVertex(68.63000000000001,374.4299999999999,115.37,319.0899999999999,160.92000000000002,267.0299999999999);
bezierVertex(160.92000000000002,267.0299999999999,200.9,221.33999999999992,200.9,221.33999999999992);
vertex(233.74,184.20999999999992);
vertex(255.16000000000003,154.2199999999999);
vertex(276.58000000000004,101.38999999999992);
vertex(305.14,0);
vertex(373.4,15.86);
vertex(355.72999999999996,44.22);
vertex(338.46999999999997,85.32);
vertex(327.78,127.64999999999999);
vertex(326.54999999999995,169.16);
vertex(329.02,208.20999999999998);
vertex(340.12,248.48999999999998);
vertex(350.4,273.15);
vertex(380.81,335.62);
bezierVertex(387.36,348.62,393.9,361.63,400.47,374.62);
bezierVertex(426.03000000000003,425.2,451.04,477.75,466.3,532.75);
vertex(442.12,532.71);
bezierVertex(437.61,517.34,432.55,502.14000000000004,426.9,487.15000000000003);
bezierVertex(421.60999999999996,473.13000000000005,415.03999999999996,457.53000000000003,399.26,453.08000000000004);
bezierVertex(398.56,452.88000000000005,397.82,452.71000000000004,397.12,452.90000000000003);
bezierVertex(395.77,453.27000000000004,395.14,454.81000000000006,394.79,456.17);
bezierVertex(393.67,460.54,393.65000000000003,465,393.96000000000004,469.47);
bezierVertex(395.45000000000005,490.76000000000005,397.37000000000006,511.98,398.51000000000005,533.2);
vertex(378.82000000000005,533.2);
bezierVertex(378.45000000000005,497.35,374.15000000000003,459.99000000000007,362.69000000000005,426.12000000000006);
bezierVertex(352.22,395.1700000000001,342.70000000000005,363.20000000000005,320.2900000000001,338.46000000000004);
bezierVertex(319.82000000000005,337.94000000000005,319.3300000000001,337.41,318.69000000000005,337.13000000000005);
bezierVertex(317.93000000000006,336.7900000000001,317.06000000000006,336.84000000000003,316.22,336.90000000000003);
bezierVertex(301.29,338.01000000000005,303.1,368.92,302.37,378.49);
bezierVertex(301.33,392.23,300.34000000000003,405.98,299.4,419.73);
bezierVertex(296.79999999999995,457.55,294.44,495.37,291.81,533.1700000000001);
vertex(267.28,533.1700000000001);
bezierVertex(270.16999999999996,492.37000000000006,271.13,451.4600000000001,267.86999999999995,410.6500000000001);
bezierVertex(266.2099999999999,389.8900000000001,263.88999999999993,369.4400000000001,256.38999999999993,349.8400000000001);
bezierVertex(252.54999999999993,339.8100000000001,246.76999999999992,324.3700000000001,233.48999999999992,324.4100000000001);
bezierVertex(229.80999999999992,324.4100000000001,226.34999999999994,326.1000000000001,223.1899999999999,327.9800000000001);
bezierVertex(197.3899999999999,343.3900000000001,180.6099999999999,374.2200000000001,168.05999999999992,400.56000000000006);
bezierVertex(153.32999999999993,431.4700000000001,143.6599999999999,464.59000000000003,137.0399999999999,498.11000000000007);
bezierVertex(136.1799999999999,502.44000000000005,135.3799999999999,506.7800000000001,134.61999999999992,511.13000000000005);
bezierVertex(134.60999999999993,511.20000000000005,132.92999999999992,520.86,130.7899999999999,533.1400000000001);
vertex(104.15999999999991,533.1400000000001);
endShape();
