// kökler sırasıyla (america, africa, europe, asia, oceania) 
// annual forest loss ile entegre edilecek ve kalınlığı değişmeden boyu değişecek 

scale(0,0);
stroke('rgba(0,0,0,0)')
strokeCap(PROJECT);
strokeJoin(MITER);
fill("rgba(0, 0, 0, 0)")
stroke("#060606")
beginShape();
vertex(49.23,98.41);
bezierVertex(56.15,65.38,64.76,32.69,76.02,0.52);
vertex(110.57,2.49);
bezierVertex(107.75,2.33,95.27,46.8,93.73,51.74);
bezierVertex(88.27,69.35,83.32,87.10999999999999,78.83999999999999,105);
bezierVertex(65.80,157.03,56.76,209.99,49.51,263.1);
bezierVertex(47.25,279.69,26.32,478.41,31.36,478.41);
vertex(0.56,478.41);
bezierVertex(0.56,478.41,11.83,383.63,11.83,383.63);
bezierVertex(11.83,383.63,21.89,288.92,21.89,288.92);
bezierVertex(29.11,224.98,36.1,161.08,49.22,98.41);
endShape();

scale(0,0);
stroke('rgba(0,0,0,0)')
strokeCap(PROJECT);
strokeJoin(MITER);
fill("rgba(0, 0, 0, 0)")
stroke("#060606")
beginShape();
vertex(35.77,191.96);
bezierVertex(34.63,208.60000000000002,33.74,225.26,33.11,241.93);
bezierVertex(32.25,264.61,32.07,478.34000000000003,38.05,478.33000000000004);
bezierVertex(26.759999999999998,478.35,15.469999999999999,478.37000000000006,4.169999999999995,478.39000000000004);
bezierVertex(-6.02,322.75,5.84,169.21,29.29,15.29);
bezierVertex(29.88,11.41,31.869999999999997,4.459999999999999,32.92,0.6699999999999999);
bezierVertex(32.92,0.6699999999999999,49.24,-0.020000000000000018,60.1,1.39);
bezierVertex(48.27,64.39,40.150000000000006,128.04999999999998,35.77,191.95999999999998);
endShape();

scale(0,0);
stroke('rgba(0,0,0,0)')
strokeCap(PROJECT);
strokeJoin(MITER);
fill("rgba(0, 0, 0, 0)")
stroke("#060606")
beginShape();
vertex(98.34,0.5);
bezierVertex(98.34,0.5,122.87,0.5,122.87,0.5);
bezierVertex(115.10000000000001,105.34,107.75,211.21,84.37,313.96);
bezierVertex(78.02000000000001,341.88,70.92,369.63,63.10000000000001,397.16999999999996);
bezierVertex(59.19000000000001,410.93999999999994,55.09000000000001,424.65999999999997,50.81000000000001,438.31999999999994);
bezierVertex(49.90000000000001,441.23999999999995,40.52000000000001,476.17999999999995,38.71000000000001,476.17999999999995);
bezierVertex(25.81000000000001,476.17999999999995,12.90000000000001,476.17999999999995,7.105427357601002e-15,476.17999999999995);
bezierVertex(2.510000000000007,476.17999999999995,14.730000000000008,431.41999999999996,16.270000000000007,426.73999999999995);
bezierVertex(22.03000000000001,409.22999999999996,27.860000000000007,391.73999999999995,33.55000000000001,374.2099999999999);
bezierVertex(44.45000000000001,340.6199999999999,53.49000000000001,306.4099999999999,61.02000000000001,271.9099999999999);
bezierVertex(73.72000000000001,213.7999999999999,81.53000000000002,154.83999999999992,89.13000000000001,95.89999999999992);
vertex(98.34,0.5);
endShape();



scale(0,0);
stroke('rgba(0,0,0,0)')
strokeCap(PROJECT);
strokeJoin(MITER);
fill("rgba(0, 0, 0, 0)")
stroke("#060606")
beginShape();
vertex(25.07,191.3);
bezierVertex(25.02,199.55,24.9,207.79000000000002,24.64,216.04000000000002);
bezierVertex(22.88,271.25,17.53,326.04,13.46,381.08000000000004);
bezierVertex(11.930000000000001,398.45000000000005,1.9200000000000017,458.53000000000003,0.5400000000000009,475.91);
bezierVertex(2.5100000000000007,476,29.86,476.96000000000004,29.97,476.19);
bezierVertex(45.1,371.64,47.62,266.07,51.61,160.68);
bezierVertex(51.65,159.62,51.69,158.57,51.73,157.51000000000002);
bezierVertex(53.029999999999994,123.55000000000001,53,89.55000000000003,52.849999999999994,55.57000000000002);
bezierVertex(52.809999999999995,46.94000000000002,52.75999999999999,38.300000000000026,52.73,29.670000000000023);
bezierVertex(52.699999999999996,22.800000000000022,52.919999999999995,12.530000000000022,52.62,0.540000000000024);
vertex(25.519999999999996,0.500000000000024);
bezierVertex(25.519999999999996,3.520000000000024,26.129999999999995,24.210000000000026,26.119999999999997,29.780000000000026);
bezierVertex(26.099999999999998,38.940000000000026,26.069999999999997,48.11000000000003,26.019999999999996,57.270000000000024);
bezierVertex(25.779999999999998,101.96000000000002,25.069999999999997,146.64000000000004,25.069999999999997,191.3);
endShape();

scale(0,0);
stroke('rgba(0,0,0,0)')
strokeCap(PROJECT);
strokeJoin(MITER);
fill("rgba(0, 0, 0, 0)")
stroke("#060606")
beginShape();
vertex(0.78,0.5);
bezierVertex(0.53,0.5,0.41000000000000003,0.79,0.5800000000000001,0.97);
bezierVertex(2.67,3.2800000000000002,13.97,47.839999999999996,18.17,89.81);
bezierVertex(23.160000000000004,139.73000000000002,25.110000000000003,196.62,25.080000000000002,246.78);
bezierVertex(25.05,295.8,26.55,345.22,23.990000000000002,394.16999999999996);
bezierVertex(22.560000000000002,421.53999999999996,19.8,448.87999999999994,17.62,476.21);
bezierVertex(17.61,476.37,17.92,476.51,NaN,503.42999999999995);
bezierVertex(NaN,NaN,NaN,503.42999999999995,NaN,503.30999999999995);
bezierVertex(NaN,503.03999999999996,NaN,440.28,NaN,377.67999999999995);
bezierVertex(NaN,188.95999999999995,NaN,328.50999999999993,NaN,279.29999999999995);
bezierVertex(NaN,131.80999999999995,NaN,237.32999999999996,NaN,196.48999999999995);
bezierVertex(NaN,72.60999999999996,NaN,191.29999999999995,NaN,186.10999999999996);
bezierVertex(NaN,170.56999999999996,NaN,185.97999999999996,NaN,185.89999999999995);
bezierVertex(NaN,185.68999999999994,NaN,186.67999999999995,NaN,NaN);
endShape()
