scale(0,0);
stroke('rgba(0,0,0,0)')
strokeCap(PROJECT);
strokeJoin(MITER);
fill("#060606")
beginShape();
vertex(384.02,279.07);
bezierVertex(357.88,235.35,321.31,180.08999999999997,305.31,95.28);
bezierVertex(301.35,74.31,300.22,11.780000000000001,299.39,0);
vertex(244.86999999999998,41.06);
bezierVertex(241.33999999999997,56.24,246.67999999999998,74.73,248.46999999999997,89.89);
bezierVertex(246.43999999999997,102.09,243.35999999999996,114.09,237.44999999999996,125.08);
bezierVertex(210.91999999999996,174.29,178.17999999999995,221.12,142.71999999999997,264.18);
bezierVertex(53.53,370.71,8.94,423.97,1.71,477.38);
bezierVertex(-13.75,591.67,80.55,709.41,87.66,718.09);
bezierVertex(112.96,748.95,149.75,782.49,179.09,848.58);
bezierVertex(191.57,876.7,137.82,992.97,141.77,1009.51);
vertex(210.11,1026.44);
bezierVertex(216.61,1010.73,255.84,889.9300000000001,272.6,864.1300000000001);
bezierVertex(311.99,803.4800000000001,337.05,762.4700000000001,366.89000000000004,735.9800000000001);
bezierVertex(375.28000000000003,728.5300000000001,486.95000000000005,627.1100000000001,489.68000000000006,511.8100000000002);
bezierVertex(490.95000000000005,457.94000000000017,455.31000000000006,398.32000000000016,384.01000000000005,279.08000000000015);
endShape();


scale(0,0);
stroke('rgba(0,0,0,0)')
strokeCap(PROJECT);
strokeJoin(MITER);
fill("#ffffff")
beginShape();
vertex(20.06,19.42);
bezierVertex(47.92,-9.099999999999998,93.64,-2.8099999999999987,120.51,16.470000000000002);
bezierVertex(140.21,30.6,160.69,59.540000000000006,153.01,87.38);
bezierVertex(143.07,123.4,92.98999999999998,132.25,67.32999999999998,131.7);
bezierVertex(54.91999999999999,131.42999999999998,31.589999999999982,130.94,15.629999999999981,113.96999999999998);
bezierVertex(-6.41,90.55,-5.32,45.4,20.06,19.42);
endShape();


scale(0,0);
stroke('rgba(0,0,0,0)')
strokeCap(PROJECT);
strokeJoin(MITER);
fill("#ffffff")
beginShape();
vertex(143.47,122.9);
bezierVertex(122.50999999999999,149.17000000000002,86.92,164.43,55.269999999999996,159.56);
bezierVertex(20.47,154.2,0.17,126,0,96.08);
bezierVertex(-0.24,52.89,41.46,4.34,88.61,0.27);
bezierVertex(129.81,-3.28,157.41,28.66,161.63,60.690000000000005);
bezierVertex(162.53,67.5,165.19,95.68,143.47,122.9);
endShape();

scale(0,0);
stroke('rgba(0,0,0,0)')
strokeCap(PROJECT);
strokeJoin(MITER);
fill("#ffffff")
beginShape();
vertex(9.85,43.93);
bezierVertex(28.09,6.43,67.18,-6.83,101.18,3.27);
bezierVertex(150.26,17.85,190.76,81.71,178.9,136.42000000000002);
bezierVertex(168.54000000000002,184.23000000000002,122.66,204.45000000000002,84.85000000000001,198.21);
bezierVertex(76.81,196.88,43.92000000000001,190.20000000000002,20.620000000000005,156.27);
bezierVertex(-1.86,123.53,-6.74,78.04,9.85,43.93);
endShape();

scale(0,0);
stroke('rgba(0,0,0,0)')
strokeCap(PROJECT);
strokeJoin(MITER);
fill("#ffffff")
beginShape();
vertex(178.2,161.8);
bezierVertex(159.20999999999998,200.85000000000002,118.49999999999999,214.66000000000003,83.1,204.14000000000001);
bezierVertex(31.99,188.96,-10.18,122.46,2.17,65.49);
bezierVertex(12.96,15.71,60.73,-5.35,100.11,1.15);
bezierVertex(108.48,2.53,142.73,9.49,166.99,44.82);
bezierVertex(190.4,78.91,195.47,126.28,178.20000000000002,161.8);
endShape();

scale(0,0);
stroke('rgba(0,0,0,0)')
strokeCap(PROJECT);
strokeJoin(MITER);
fill("#ffffff")
beginShape();
vertex(138.75,118.86);
bezierVertex(118.48,144.27,84.06,159.03,53.45,154.31);
bezierVertex(19.8,149.13,0.16,121.85,0,92.92);
bezierVertex(-0.23,51.15,40.1,4.2,85.69,0.26);
bezierVertex(125.53,-3.1799999999999997,152.22,27.71,156.31,58.69);
bezierVertex(157.18,65.27,159.75,92.53,138.75,118.86);
endShape();
